5.426730399622636813e-01
2.825265127946348653e-01
2.345594790051965250e-01
2.098221721894600877e-01
1.905637961976668349e-01
1.821239112931139215e-01
1.742906601113431708e-01
1.629419195301392564e-01
1.822876066846006171e-01
1.592576332828577745e-01
1.589427165248814833e-01
1.460827847614007968e-01
1.497383498970200066e-01
1.489607161458800788e-01
1.430208297336802714e-01
1.591835346292047038e-01
1.466277248280889733e-01
1.487895675441797960e-01
1.346403912586324469e-01
1.395448654451791060e-01
