2.656998222365098972e-01
1.566400275949169640e-01
1.406493579201838484e-01
1.285957698436344387e-01
1.259191454771687035e-01
1.234240755438804626e-01
1.184055152184823045e-01
1.105183816569692973e-01
1.265818678280886400e-01
1.120018268771031389e-01
1.107588736888240333e-01
1.024432118762941962e-01
1.058024836375432848e-01
1.043165900251444705e-01
9.999819779220749105e-02
1.092072705573895464e-01
1.012897134265478977e-01
9.991479117204160598e-02
9.069072214119575093e-02
9.366532152189928351e-02
